#======================================================================
# Step   T               MeanM           Chi             U 
#======================================================================
    1	 0.00000000	 1.00000000	 0.00000000	 0.66666667
    2	 0.01000000	 0.99496245	 0.01004808	 0.66653405
    3	 0.02000000	 0.98983931	 0.02023225	 0.66639691
    4	 0.03000000	 0.98465742	 0.03046305	 0.66625628
    5	 0.04000000	 0.97935703	 0.04079986	 0.66611111
    6	 0.05000000	 0.97400931	 0.05141847	 0.66595909
    7	 0.06000000	 0.96856395	 0.06199778	 0.66580401
    8	 0.07000000	 0.96299002	 0.07285261	 0.66564141
    9	 0.08000000	 0.95741131	 0.08356273	 0.66547720
   10	 0.09000000	 0.95166015	 0.09471032	 0.66530263
   11	 0.10000000	 0.94583127	 0.10588369	 0.66512309
   12	 0.11000000	 0.93994877	 0.11692022	 0.66494128
   13	 0.12000000	 0.93394267	 0.12851731	 0.66474620
   14	 0.13000000	 0.92777388	 0.14032530	 0.66454266
   15	 0.14000000	 0.92150441	 0.15212317	 0.66433347
   16	 0.15000000	 0.91514780	 0.16416648	 0.66411444
   17	 0.16000000	 0.90876239	 0.17602884	 0.66389228
   18	 0.17000000	 0.90213737	 0.18840536	 0.66365485
   19	 0.18000000	 0.89547360	 0.20105334	 0.66340638
   20	 0.19000000	 0.88859951	 0.21337936	 0.66315365
   21	 0.20000000	 0.88165593	 0.22662537	 0.66287875
   22	 0.21000000	 0.87456546	 0.24008868	 0.66259118
   23	 0.22000000	 0.86723254	 0.25349505	 0.66229200
   24	 0.23000000	 0.85986853	 0.26695982	 0.66198400
   25	 0.24000000	 0.85227431	 0.28114905	 0.66165047
   26	 0.25000000	 0.84459659	 0.29539043	 0.66130334
   27	 0.26000000	 0.83676779	 0.30943984	 0.66094605
   28	 0.27000000	 0.82870916	 0.32497433	 0.66054636
   29	 0.28000000	 0.82045441	 0.33990667	 0.66014227
   30	 0.29000000	 0.81204353	 0.35653360	 0.65968806
   31	 0.30000000	 0.80342463	 0.37232734	 0.65922890
   32	 0.31000000	 0.79466887	 0.38862867	 0.65873962
   33	 0.32000000	 0.78565096	 0.40557728	 0.65821288
   34	 0.33000000	 0.77639353	 0.42298177	 0.65764828
   35	 0.34000000	 0.76696536	 0.44191960	 0.65702810
   36	 0.35000000	 0.75724357	 0.46059722	 0.65637689
   37	 0.36000000	 0.74720909	 0.48117578	 0.65565062
   38	 0.37000000	 0.73694418	 0.50115570	 0.65489345
   39	 0.38000000	 0.72635536	 0.52296678	 0.65404713
   40	 0.39000000	 0.71561803	 0.54615924	 0.65313345
   41	 0.40000000	 0.70433155	 0.57013772	 0.65212364
   42	 0.41000000	 0.69280257	 0.59515390	 0.65102400
   43	 0.42000000	 0.68097661	 0.62112466	 0.64983554
   44	 0.43000000	 0.66862110	 0.65221752	 0.64841773
   45	 0.44000000	 0.65588223	 0.68489666	 0.64686722
   46	 0.45000000	 0.64261651	 0.71769912	 0.64518617
   47	 0.46000000	 0.62889343	 0.75740032	 0.64321280
   48	 0.47000000	 0.61460151	 0.79994581	 0.64098177
   49	 0.48000000	 0.59953385	 0.84888320	 0.63836658
   50	 0.49000000	 0.58380813	 0.91130765	 0.63518009
   51	 0.50000000	 0.56712413	 0.97671245	 0.63156274
   52	 0.51000000	 0.54959717	 1.05649879	 0.62714155
   53	 0.52000000	 0.53093819	 1.15025782	 0.62178076
   54	 0.53000000	 0.51085718	 1.26490404	 0.61500236
   55	 0.54000000	 0.48945781	 1.38431546	 0.60700013
   56	 0.55000000	 0.46674154	 1.52603070	 0.59682706
   57	 0.56000000	 0.44223125	 1.66787364	 0.58443305
   58	 0.57000000	 0.41712449	 1.80362747	 0.56951472
   59	 0.58000000	 0.39020211	 1.92325984	 0.55118789
   60	 0.59000000	 0.36257669	 2.01758468	 0.52870492
   61	 0.60000000	 0.33458165	 2.06191896	 0.50286948
   62	 0.61000000	 0.30805890	 2.05950247	 0.47393765
   63	 0.62000000	 0.28158437	 2.01464979	 0.44025245
   64	 0.63000000	 0.25698740	 1.92547954	 0.40391770
   65	 0.64000000	 0.23431607	 1.80190302	 0.36615006
   66	 0.65000000	 0.21410965	 1.66440201	 0.32804625
   67	 0.66000000	 0.19548247	 1.51402286	 0.28887821
   68	 0.67000000	 0.17888647	 1.36793982	 0.24958349
   69	 0.68000000	 0.16472843	 1.23223996	 0.21437616
   70	 0.69000000	 0.15221491	 1.10039118	 0.18371303
   71	 0.70000000	 0.14077402	 0.98070813	 0.15196068
   72	 0.71000000	 0.13128497	 0.88219739	 0.12555832
   73	 0.72000000	 0.12239255	 0.78986069	 0.09955833
   74	 0.73000000	 0.11496217	 0.71116120	 0.08002204
   75	 0.74000000	 0.10813611	 0.63973803	 0.06366827
   76	 0.75000000	 0.10204953	 0.57828220	 0.04890184
   77	 0.76000000	 0.09663095	 0.52489387	 0.03664849
   78	 0.77000000	 0.09179500	 0.47738737	 0.02826296
   79	 0.78000000	 0.08721818	 0.43500300	 0.01880177
   80	 0.79000000	 0.08322863	 0.39805022	 0.01354149
   81	 0.80000000	 0.07971496	 0.36691844	 0.00760007
   82	 0.81000000	 0.07604653	 0.33679440	 0.00114071
   83	 0.82000000	 0.07303305	 0.31149966	-0.00197570
   84	 0.83000000	 0.07012285	 0.28826425	-0.00328041
   85	 0.84000000	 0.06742325	 0.26768979	-0.00620765
   86	 0.85000000	 0.06483199	 0.24818690	-0.00803313
   87	 0.86000000	 0.06248425	 0.23101154	-0.00807633
   88	 0.87000000	 0.06030789	 0.21519737	-0.00701710
   89	 0.88000000	 0.05813322	 0.20122267	-0.01077665
   90	 0.89000000	 0.05616710	 0.18784631	-0.00890804
   91	 0.90000000	 0.05429711	 0.17615162	-0.00964224
   92	 0.91000000	 0.05247705	 0.16474677	-0.00748385
   93	 0.92000000	 0.05075077	 0.15451755	-0.00858742
   94	 0.93000000	 0.04911117	 0.14509543	-0.00744128
   95	 0.94000000	 0.04748520	 0.13608032	-0.00722129
   96	 0.95000000	 0.04602235	 0.12811735	-0.00623614
   97	 0.96000000	 0.04456851	 0.12038506	-0.00425681
   98	 0.97000000	 0.04319340	 0.11338763	-0.00241968
   99	 0.98000000	 0.04180238	 0.10648425	-0.00114238
  100	 0.99000000	 0.04048747	 0.10020333	 0.00047611
#======================================================================
