#======================================================================
# Step   T               MeanM           Chi             U 
#======================================================================
    1	 0.00000000	 1.00000000	 0.00000000	 0.66666667
    2	 0.01000000	 0.99496657	 0.01005579	 0.66664737
    3	 0.02000000	 0.98983760	 0.02025748	 0.66662740
    4	 0.03000000	 0.98466351	 0.03043816	 0.66660704
    5	 0.04000000	 0.97938125	 0.04080230	 0.66658588
    6	 0.05000000	 0.97402375	 0.05123712	 0.66656411
    7	 0.06000000	 0.96858105	 0.06191407	 0.66654134
    8	 0.07000000	 0.96305299	 0.07258429	 0.66651805
    9	 0.08000000	 0.95743148	 0.08330249	 0.66649410
   10	 0.09000000	 0.95171028	 0.09444326	 0.66646867
   11	 0.10000000	 0.94589490	 0.10545820	 0.66644287
   12	 0.11000000	 0.93999124	 0.11685811	 0.66641554
   13	 0.12000000	 0.93395940	 0.12823940	 0.66638753
   14	 0.13000000	 0.92786466	 0.13958747	 0.66635884
   15	 0.14000000	 0.92166159	 0.15144018	 0.66632820
   16	 0.15000000	 0.91531549	 0.16312697	 0.66629704
   17	 0.16000000	 0.90885938	 0.17531293	 0.66626379
   18	 0.17000000	 0.90232888	 0.18767930	 0.66622914
   19	 0.18000000	 0.89563612	 0.19971380	 0.66619412
   20	 0.19000000	 0.88880535	 0.21243581	 0.66615630
   21	 0.20000000	 0.88187949	 0.22524216	 0.66611701
   22	 0.21000000	 0.87480105	 0.23809465	 0.66607623
   23	 0.22000000	 0.86758476	 0.25161708	 0.66603237
   24	 0.23000000	 0.86023554	 0.26443206	 0.66598860
   25	 0.24000000	 0.85272759	 0.27873356	 0.66593940
   26	 0.25000000	 0.84509421	 0.29223881	 0.66589039
   27	 0.26000000	 0.83727311	 0.30638262	 0.66583758
   28	 0.27000000	 0.82928644	 0.32118286	 0.66578089
   29	 0.28000000	 0.82112356	 0.33567722	 0.66572254
   30	 0.29000000	 0.81277828	 0.35057367	 0.66566039
   31	 0.30000000	 0.80427799	 0.36627762	 0.66559305
   32	 0.31000000	 0.79559134	 0.38235833	 0.66552157
   33	 0.32000000	 0.78663878	 0.39896220	 0.66544462
   34	 0.33000000	 0.77750859	 0.41633435	 0.66536141
   35	 0.34000000	 0.76815072	 0.43220850	 0.66527870
   36	 0.35000000	 0.75858952	 0.45093167	 0.66518211
   37	 0.36000000	 0.74876875	 0.46862068	 0.66508359
   38	 0.37000000	 0.73868651	 0.48827685	 0.66497219
   39	 0.38000000	 0.72833661	 0.50812481	 0.66485326
   40	 0.39000000	 0.71771753	 0.52886538	 0.66472378
   41	 0.40000000	 0.70678004	 0.54900978	 0.66458735
   42	 0.41000000	 0.69555918	 0.57105212	 0.66443448
   43	 0.42000000	 0.68390726	 0.59479745	 0.66426277
   44	 0.43000000	 0.67199751	 0.61959861	 0.66407419
   45	 0.44000000	 0.65970028	 0.64527329	 0.66386648
   46	 0.45000000	 0.64699093	 0.67287701	 0.66363226
   47	 0.46000000	 0.63383450	 0.70311352	 0.66336497
   48	 0.47000000	 0.62027809	 0.73421532	 0.66306991
   49	 0.48000000	 0.60615703	 0.76745100	 0.66273256
   50	 0.49000000	 0.59146230	 0.80573832	 0.66233472
   51	 0.50000000	 0.57631214	 0.84384357	 0.66189325
   52	 0.51000000	 0.56042026	 0.88865254	 0.66135778
   53	 0.52000000	 0.54385460	 0.93724162	 0.66073225
   54	 0.53000000	 0.52647732	 0.99355727	 0.65996944
   55	 0.54000000	 0.50827048	 1.05516635	 0.65905331
   56	 0.55000000	 0.48913670	 1.13042220	 0.65789554
   57	 0.56000000	 0.46872261	 1.21964237	 0.65641143
   58	 0.57000000	 0.44713266	 1.32384764	 0.65450839
   59	 0.58000000	 0.42389444	 1.46087976	 0.65187956
   60	 0.59000000	 0.39874173	 1.63582152	 0.64824015
   61	 0.60000000	 0.37118200	 1.90320999	 0.64260697
   62	 0.61000000	 0.34001094	 2.31878078	 0.63349625
   63	 0.62000000	 0.30373349	 3.06669493	 0.61659558
   64	 0.63000000	 0.25988461	 4.15994136	 0.58363503
   65	 0.64000000	 0.21057354	 5.02152949	 0.52399324
   66	 0.65000000	 0.16337753	 4.89471377	 0.43486756
   67	 0.66000000	 0.12651977	 4.05278975	 0.33255721
   68	 0.67000000	 0.10056247	 3.09795799	 0.23612347
   69	 0.68000000	 0.08303666	 2.35660584	 0.16187579
   70	 0.69000000	 0.07063104	 1.81934762	 0.10632736
   71	 0.70000000	 0.06174190	 1.44138265	 0.06933097
   72	 0.71000000	 0.05517751	 1.17189428	 0.04996974
   73	 0.72000000	 0.04998560	 0.97361573	 0.03390324
   74	 0.73000000	 0.04590012	 0.82960529	 0.02127205
   75	 0.74000000	 0.04246072	 0.71167674	 0.01736751
   76	 0.75000000	 0.03958837	 0.62262032	 0.01177238
   77	 0.76000000	 0.03725789	 0.55250500	 0.00743844
   78	 0.77000000	 0.03514191	 0.49326474	 0.00484218
   79	 0.78000000	 0.03325295	 0.44145516	 0.00456586
   80	 0.79000000	 0.03164453	 0.40023862	 0.00259869
   81	 0.80000000	 0.03016979	 0.36522351	-0.00158309
   82	 0.81000000	 0.02878831	 0.33245494	-0.00108489
   83	 0.82000000	 0.02757111	 0.30487004	-0.00086457
   84	 0.83000000	 0.02649381	 0.28171644	-0.00226162
   85	 0.84000000	 0.02544943	 0.25976808	-0.00028604
   86	 0.85000000	 0.02445386	 0.24051287	-0.00350584
   87	 0.86000000	 0.02361125	 0.22395706	-0.00281070
   88	 0.87000000	 0.02276547	 0.20796275	-0.00091172
   89	 0.88000000	 0.02199062	 0.19467578	-0.00253836
   90	 0.89000000	 0.02125615	 0.18167221	-0.00124334
   91	 0.90000000	 0.02053245	 0.16956325	-0.00069553
   92	 0.91000000	 0.01988337	 0.15903978	 0.00076941
   93	 0.92000000	 0.01926745	 0.14931520	-0.00072211
   94	 0.93000000	 0.01864448	 0.14014176	-0.00284623
   95	 0.94000000	 0.01804460	 0.13118552	-0.00108884
   96	 0.95000000	 0.01753213	 0.12389397	-0.00154862
   97	 0.96000000	 0.01699711	 0.11637704	-0.00164258
   98	 0.97000000	 0.01648290	 0.10944533	-0.00033870
   99	 0.98000000	 0.01598485	 0.10298810	-0.00041486
  100	 0.99000000	 0.01550316	 0.09709548	 0.00050813
#======================================================================
