0.00000000      1.000000000      0.000000000      0.666674495    
9.99999978E-03  0.989671946      0.138229942      0.666709661    
1.99999996E-02  0.977233768      0.168118286      0.666703761    
2.99999993E-02  0.966426253      0.203208828      0.666555822    
3.99999991E-02  0.957252085      0.242778015      0.666377902    
4.99999970E-02  0.943626404      0.278890133      0.666198730    
5.99999949E-02  0.933539689      0.331759453      0.666099548    
6.99999928E-02  0.921249986      0.397443771      0.666015327    
7.99999908E-02  0.906182289      0.465452671      0.665915847    
8.99999887E-02  0.893067002      0.512480736      0.665792227    
9.99999866E-02  0.880963147      0.587880611      0.665625453    
0.109999985      0.864784658      0.676393509      0.665447235    
0.119999982      0.849909604      0.773787498      0.665260434    
0.129999980      0.836238801      0.850617886      0.665058970    
0.139999986      0.819944203      0.918924809      0.664842486    
0.149999991      0.802918434       1.02579594      0.664582610    
0.159999996      0.783266008       1.15609169      0.664226890    
0.170000002      0.764781892       1.26188993      0.663867712    
0.180000007      0.745373845       1.36989355      0.663434565    
0.190000013      0.726402640       1.52128935      0.662902355    
0.200000018      0.702761173       1.65036321      0.662291825    
0.210000023      0.681104660       1.81728601      0.661559701    
0.220000029      0.655001998       2.03216076      0.660479188    
0.230000034      0.628767490       2.21446157      0.659353614    
0.240000039      0.600037515       2.48065591      0.657735586    
0.250000030      0.569337487       2.77897716      0.655631900    
0.260000020      0.536639392       3.19257379      0.652563691    
0.270000011      0.500662088       3.74910235      0.647967994    
0.280000001      0.459125936       4.54676151      0.640544772    
0.289999992      0.407600313       6.24288607      0.624867737    
0.299999982      0.342764169       9.34413815      0.589872837    
0.309999973      0.270580024       11.8464451      0.522784114    
0.319999963      0.198623210       11.4806070      0.407256484    
0.329999954      0.150234997       8.81652164      0.295107365    
0.339999944      0.116365671       6.41527128      0.187153339    
0.349999934       9.69151631E-02   4.84349203      0.109171331    
0.359999925       8.37725773E-02   3.76073313       7.33208656E-02
0.369999915       7.46170059E-02   3.05889225       4.57807183E-02
0.379999906       6.76866472E-02   2.55017924       3.03942561E-02
0.389999896       6.24912418E-02   2.19872165       1.72364712E-02
0.399999887       5.83519787E-02   1.92087424       1.41963363E-02
0.409999877       5.50657995E-02   1.71450686       1.46915317E-02
0.419999868       5.22073582E-02   1.54634893       9.01830196E-03
0.429999858       4.98086214E-02   1.41335809       5.94192743E-03
0.439999849       4.78336141E-02   1.30864763       1.07091665E-03
0.449999839       4.60164845E-02   1.20889795       4.92823124E-03
0.459999830       4.44688126E-02   1.13098741       1.41531229E-03
0.469999820       4.31453288E-02   1.06434226       4.72694635E-03
0.479999810       4.18853611E-02   1.00625551       1.44660473E-04
0.489999801       4.07846794E-02  0.954026818       4.79948521E-03
0.50000000	 0.03984982	 0.90638710	 0.00112800
0.51000000	 0.03895174	 0.86537531	 0.00054317
0.52000000	 0.03810393	 0.82945348	 0.00003013
0.53000000	 0.03738367	 0.79823929	 0.00046539
0.54000000	 0.03665936	 0.76784922	 0.00043632
0.55000000	 0.03602524	 0.74131362	 0.00043282
0.56000000	 0.03541788	 0.71671912	-0.00009285
0.57000000	 0.03485393	 0.69399094	 0.00053351
0.58000000	 0.03432651	 0.67310735	 0.00043375
0.59000000	 0.03382743	 0.65372978	 0.00092239
0.60000000	 0.03338189	 0.63685910	 0.00055090
0.61000000	 0.03294681	 0.62029071	 0.00034367
0.62000000	 0.03255178	 0.60523114	 0.00037452
0.63000000	 0.03215489	 0.59081423	-0.00046603
0.64000000	 0.03180089	 0.57854667	-0.00127256
0.65000000	 0.03144742	 0.56461759	 0.00059847
0.66000000	 0.03112519	 0.55283223	 0.00135562
0.67000000	 0.03081292	 0.54246187	 0.00099245
0.68000000	 0.03052620	 0.53245078	-0.00034133
0.69000000	 0.03021982	 0.52179226	 0.00053800
0.70000000	 0.02997123	 0.51297048	 0.00072587
0.71000000	 0.02970581	 0.50460239	-0.00008945
0.72000000	 0.02944027	 0.49513111	 0.00017534
0.73000000	 0.02921024	 0.48786301	 0.00053593
0.74000000	 0.02897431	 0.47994596	-0.00008314
0.75000000	 0.02877742	 0.47316074	 0.00019038
0.76000000	 0.02856641	 0.46655691	 0.00002443
0.77000000	 0.02836032	 0.45969416	 0.00023768
0.78000000	 0.02816657	 0.45307335	 0.00095219
0.79000000	 0.02798821	 0.44768465	 0.00011859
0.80000000	 0.02780596	 0.44136036	 0.00103662
0.81000000	 0.02764151	 0.43641211	 0.00113265
0.82000000	 0.02745087	 0.43026493	 0.00160173
0.83000000	 0.02731310	 0.42620035	 0.00071357
0.84000000	 0.02715059	 0.42110059	 0.00146296
0.85000000	 0.02699633	 0.41683592	-0.00086869
0.86000000	 0.02684367	 0.41182173	-0.00028405
0.87000000	 0.02671125	 0.40810398	-0.00009331
0.88000000	 0.02658306	 0.40420933	-0.00114650
0.89000000	 0.02645200	 0.39975616	 0.00117219
0.90000000	 0.02632292	 0.39613214	 0.00030413
0.91000000	 0.02619961	 0.39214976	 0.00134680
0.92000000	 0.02605945	 0.38859296	 0.00042450
0.93000000	 0.02597163	 0.38502268	 0.00099371
0.94000000	 0.02582682	 0.38131892	 0.00037921
0.95000000	 0.02572002	 0.37837772	-0.00044741
0.96000000	 0.02564042	 0.37553693	 0.00141745
0.97000000	 0.02551907	 0.37232615	-0.00011155
0.98000000	 0.02542922	 0.36945101	 0.00083661
0.99000000	 0.02531120	 0.36634984	 0.00057692
