0.00000000       1.00000000       0.00000000      0.666666627    
9.99999978E-03  0.989664912      0.034756279      0.666531384    
1.99999996E-02  0.978342831       7.23600388E-02  0.666614711    
2.99999993E-02  0.967522085      0.113487244      0.666542470    
3.99999991E-02  0.956339002      0.233292580      0.666493416    
4.99999970E-02  0.944750786      0.379204750      0.666450500    
5.99999949E-02  0.933683515      0.330567360      0.666419744    
6.99999928E-02  0.921446264      0.359654427      0.666369557    
7.99999908E-02  0.907680094      0.518202782      0.666309834    
8.99999887E-02  0.895258725      0.553011894      0.666237175    
9.99999866E-02  0.880371690      0.586628914      0.666147113    
0.109999985      0.866176426      0.694274902      0.666062474    
0.119999982      0.852435648      0.771164894      0.665969133    
0.129999980      0.836924851      0.842452049      0.665856421    
0.139999986      0.819519043      0.947237015      0.665738583    
0.149999991      0.803567052       1.04606152      0.665614843    
0.159999996      0.784789085       1.14762783      0.665468633    
0.170000002      0.767429113       1.29210949      0.665281713    
0.180000007      0.747932315       1.41000748      0.665048957    
0.190000013      0.727512121       1.50334835      0.664781809    
0.200000018      0.705779135       1.61522627      0.664493918    
0.210000023      0.681764066       1.79272890      0.664075017    
0.220000029      0.658411264       1.95986032      0.663631856    
0.230000034      0.632570446       2.19196081      0.663032770    
0.240000039      0.604499578       2.46471167      0.662242293    
0.250000030      0.573368371       2.75856256      0.661196053    
0.260000020      0.540743649       3.08895111      0.659782112    
0.270000011      0.504645288       3.56805325      0.657588482    
0.280000001      0.464994907       4.22006845      0.654152513    
0.289999992      0.419053674       5.23093319      0.647982955    
0.299999982      0.364741236       7.14829540      0.635185003    
0.309999973      0.290581107       12.5084667      0.594267845    
0.319999963      0.203999087       16.7300110      0.489911735    
0.329999954      0.130863756       12.7850027      0.316658139    
0.339999944       9.16364565E-02   8.33666515      0.149865627    
0.349999934       7.30242357E-02   5.62660027       8.95301700E-02
0.359999925       6.13485202E-02   4.12352133       4.85893488E-02
0.369999915       5.37574366E-02   3.22452521       2.99202800E-02
0.379999906       4.84042391E-02   2.63850617       1.39629841E-02
0.389999896       4.45815176E-02   2.24625134       9.85950232E-03
0.399999887       4.15152498E-02   1.95641470       3.08883190E-03
0.409999877       3.90298627E-02   1.72912121       3.18890810E-03
0.419999868       3.71252298E-02   1.56197226       4.69887257E-03
0.429999858       3.53162438E-02   1.41830254       6.00934029E-04
0.439999849       3.39305513E-02   1.30215454       4.54455614E-03
0.449999839       3.27191465E-02   1.21569872       2.42209435E-03
0.459999830       3.15666050E-02   1.13222373       4.09615040E-03
0.469999820       3.05382814E-02   1.06181741       7.45654106E-04
0.479999810       2.97027398E-02   1.00461221       1.53964758E-03
0.489999801       2.88758744E-02  0.953353465       1.71184540E-04
0.50000000      0.02819472      0.90732498      0.00071081
0.51000000      0.02756230      0.86612073      0.00089006
0.52000000      0.02695532      0.83079089     -0.00111522
0.53000000      0.02642300      0.79716352      0.00029554
0.54000000      0.02593177      0.76744619      0.00029466
0.55000000      0.02546357      0.74012437      0.00095926
0.56000000      0.02504843      0.71592222      0.00043069
0.57000000      0.02464746      0.69396898     -0.00079904
0.58000000      0.02427855      0.67289422      0.00084833
0.59000000      0.02392528      0.65330877      0.00062934
0.60000000      0.02359972      0.63599535     -0.00055310
0.61000000      0.02330298      0.62018593      0.00024954
0.62000000      0.02299122      0.60421495     -0.00106604
0.63000000      0.02273695      0.58988425      0.00163215
0.64000000      0.02248183      0.57698391      0.00083141
0.65000000      0.02224176      0.56451554      0.00007845
0.66000000      0.02201507      0.55316981      0.00157209
0.67000000      0.02177950      0.54159954      0.00027680
0.68000000      0.02156361      0.53031377      0.00114409
0.69000000      0.02137239      0.52183415     -0.00078129
0.70000000      0.02117762      0.51198192      0.00084578
0.71000000      0.02098830      0.50340905      0.00014144
0.72000000      0.02082198      0.49565292     -0.00031524
0.73000000      0.02065818      0.48717447      0.00059777
0.74000000      0.02049451      0.47959789     -0.00034536
0.75000000      0.02035035      0.47299021      0.00037726
0.76000000      0.02019473      0.46565584     -0.00008152
0.77000000      0.02005389      0.45956722      0.00014954
0.78000000      0.01991391      0.45284644      0.00045692
0.79000000      0.01977612      0.44727743     -0.00085045
0.80000000      0.01965870      0.44148176      0.00059685
0.81000000      0.01953973      0.43598833      0.00098862
