0.00000000       1.00000000       0.00000000      0.666666627    
9.99999978E-03  0.989749670       5.55753708E-02  0.666488528    
1.99999996E-02  0.979011953      0.112599134      0.666220307    
2.99999993E-02  0.961298823      0.153547525      0.665890694    
3.99999991E-02  0.956615627      0.211572647      0.665603697    
4.99999970E-02  0.938226223      0.268024206      0.665238261    
5.99999949E-02  0.925903201      0.321078300      0.664891362    
6.99999928E-02  0.913592279      0.387954712      0.664527297    
7.99999908E-02  0.900128543      0.467634201      0.664084792    
8.99999887E-02  0.887152493      0.539302826      0.663701952    
9.99999866E-02  0.879436731      0.624150038      0.663212955    
0.109999985      0.857986331      0.712233782      0.662631750    
0.119999982      0.843184829      0.802356005      0.661981583    
0.129999980      0.833542883      0.899380445      0.661283970    
0.139999986      0.810616076      0.979864597      0.660436273    
0.149999991      0.792916775       1.06869936      0.659496248    
0.159999996      0.780972719       1.19689107      0.658356667    
0.170000002      0.755387247       1.31117105      0.656905711    
0.180000007      0.741400778       1.45298839      0.655455828    
0.190000013      0.713650227       1.57029033      0.653572321    
0.200000018      0.696967959       1.74477696      0.651558220    
0.210000023      0.673022568       1.96035504      0.648603916    
0.220000029      0.643571377       2.19722080      0.645011306    
0.230000034      0.616057277       2.43193197      0.640693843    
0.240000039      0.582637072       2.89497089      0.633355856    
0.250000030      0.550052285       3.39987874      0.624716759    
0.260000020      0.509160280       4.22294140      0.610374689    
0.270000011      0.466729224       5.02050495      0.591320992    
0.280000001      0.417532980       5.95104408      0.561558247    
0.289999992      0.358094364       6.64840937      0.513169825    
0.299999982      0.307796627       6.79570723      0.454826355    
0.309999973      0.264899522       6.32350206      0.395961046    
0.319999963      0.225044087       5.57131815      0.324493706    
0.329999954      0.192715883       4.70482826      0.255071878    
0.339999944      0.173546642       4.12882328      0.207543790    
0.349999934      0.153602809       3.50304031      0.149210572    
0.359999925      0.136556670       2.90199590      0.105959773    
0.369999915      0.127540499       2.59195781       8.76060724E-02
0.379999906      0.117658153       2.25734997       6.70307875E-02
0.389999896      0.109650321       1.97645867       5.05463481E-02
0.399999887      0.103409119       1.76922536       4.23299670E-02
0.409999877       9.73284543E-02   1.60624063       2.21206546E-02
0.419999868       9.39573646E-02   1.48808503       2.31983066E-02
0.429999858       9.00830477E-02   1.37920249       1.01658106E-02
0.439999849       8.64225328E-02   1.26105094       1.22920904E-02
0.449999839       8.35133567E-02   1.17245519       1.59295797E-03
0.459999830       8.07346255E-02   1.12263238       1.27160072E-03
0.469999820       7.83078745E-02   1.04039228       1.29712224E-03
0.479999810       7.61460513E-02   0.989867985      1.16586685E-03
0.489999801       7.41382614E-02   0.943449557      1.10652466E-03
0.50000000	      0.07258943	   0.90255790	    0.00258325
0.51000000	      0.07101459	   0.86331128	    0.00399315
0.52000000	      0.06950197	   0.82824609	    0.00204781
0.53000000	      0.06812655	   0.79572446	    0.00221496
0.54000000	      0.06687181	   0.76760777	    0.00085401
0.55000000	      0.06569164	   0.74074583	    0.00074758
0.56000000	      0.06456979	   0.71633765	    0.00082400
0.57000000	      0.06363458	   0.69443750	    0.00197676
0.58000000	      0.06266417	   0.67413597	    0.00142396
0.59000000	      0.06175624	   0.65458886	    0.00146526
0.60000000	      0.06094426	   0.63784161	    0.00038996
0.61000000	      0.06013591	   0.62072741	    0.00098485
0.62000000	      0.05942162	   0.60583600	    0.00170322
0.63000000	      0.05868886	   0.59208789	    0.00066312
0.64000000	      0.05803149	   0.57848464	    0.00162522
0.65000000	      0.05741195	   0.56612324	    0.00226420
0.66000000	      0.05683639	   0.55444640	    0.00217191
0.67000000	      0.05623478	   0.54307573	    0.00194125
0.68000000	      0.05570558	   0.53341679	    0.00111520
0.69000000	      0.05516283	   0.52298927	    0.00097453
0.70000000	      0.05469006	   0.51334672	    0.00260750
0.71000000	      0.05419390	   0.50489941	    0.00233482
0.72000000	      0.05376487	   0.49674386	    0.00171257
0.73000000	      0.05330942	   0.48815942	    0.00192902
0.74000000	      0.05294348	   0.48134904	    0.00224701
0.75000000	      0.05256393	   0.47396320	    0.00243788
0.76000000	      0.05216855	   0.46733314	    0.00304138
0.77000000	      0.05177473	   0.46039103	    0.00198925
0.78000000	      0.05145075	   0.45477971	    0.00212384
0.79000000	      0.05106731	   0.44835958	    0.00217089
0.80000000	      0.05076816	   0.44295480	    0.00276693
0.81000000	      0.05044235	   0.43749650	    0.00227071
0.82000000	      0.05015525	   0.43222062	    0.00302301
0.83000000	      0.04981393	   0.42685225	    0.00241397
0.84000000	      0.04955661	   0.42178513	    0.00282353
0.85000000	      0.04931024	   0.41770966	    0.00276987
0.86000000	      0.04904311	   0.41343832	    0.00259553
0.87000000	      0.04876828	   0.40863883	    0.00253312
0.88000000	      0.04852007	   0.40480707	    0.00206748
0.89000000	      0.04826570	   0.40112786	    0.00001118
0.90000000	      0.04804263	   0.39682713	    0.00271606
0.91000000	      0.04782592	   0.39293488	    0.00272603
0.92000000	      0.04758564	   0.38931238	    0.00169887
0.93000000	      0.04738965	   0.38571609	    0.00419635
0.94000000	      0.04715705	   0.38250590	    0.00154788
0.95000000	      0.04694505	   0.37887995	    0.00268487
0.96000000	      0.04677541	   0.37631499	    0.00231493
0.97000000	      0.04656682	   0.37320139	    0.00304936
0.98000000	      0.04639985	   0.37034903	    0.00159192
0.99000000	      0.04621721	   0.36712597	    0.00299252
