0.00000000       1.00000000       0.00000000      0.666666627    
9.99999978E-03  0.987002730      -3.44216824E-02  0.666648507    
1.99999996E-02  0.979245961       7.04705715E-02  0.666468263    
2.99999993E-02  0.968205571      0.183749199      0.666326046    
3.99999991E-02  0.957050323      0.229936838      0.666183472    
4.99999970E-02  0.945406079      0.255554914      0.666040301    
5.99999949E-02  0.933527410      0.287222862      0.665879250    
6.99999928E-02  0.921004593      0.341963768      0.665723324    
7.99999908E-02  0.905482590      0.424784422      0.665558398    
8.99999887E-02  0.894527137      0.505185127      0.665382564    
9.99999866E-02  0.877915621      0.587087870      0.665185213    
0.109999985      0.866267085      0.684928894      0.664937615    
0.119999982      0.848433375      0.760614872      0.664673030    
0.129999980      0.835674226      0.850737095      0.664349914    
0.139999986      0.819084048      0.937020779      0.663998604    
0.149999991      0.799444139       1.03803277      0.663585305    
0.159999996      0.781652570       1.15352273      0.663115740    
0.170000002      0.762504041       1.28949881      0.662541330    
0.180000007      0.746428370       1.39355659      0.662046671    
0.190000013      0.725201488       1.53796077      0.661309004    
0.200000018      0.703695238       1.70078576      0.660442233    
0.210000023      0.676887512       1.84110105      0.659351468    
0.220000029      0.651999652       2.07358313      0.657769561    
0.230000034      0.628339827       2.27660847      0.656147122    
0.240000039      0.597052991       2.50796366      0.653848767    
0.250000030      0.565100133       2.86060858      0.650519013    
0.260000020      0.533711553       3.27857137      0.646177411    
0.270000011      0.494989127       3.88492489      0.639324188    
0.280000001      0.448503911       5.15292597      0.625977159    
0.289999992      0.395251811       7.25424433      0.600472271    
0.299999982      0.331206411       9.37626839      0.555690348    
0.309999973      0.262412369       10.2858295      0.479466259    
0.319999963      0.203505024       9.29282379      0.375851214    
0.329999954      0.160221413       7.32233143      0.276299179    
0.339999944      0.129756436       5.58816433      0.185184002    
0.349999934      0.112191565       4.42891645      0.140862346    
0.359999925       9.75123420E-02   3.52834249       8.41743350E-02
0.369999915       8.73825327E-02   2.91848278       5.25078177E-02
0.379999906       8.00323859E-02   2.47667551       3.78748775E-02
0.389999896       7.40575567E-02   2.13787627       2.66796947E-02
0.399999887       6.91766813E-02   1.88632643       1.50281191E-02
0.409999877       6.54066205E-02   1.69623828       1.15516186E-02
0.419999868       6.21198714E-02   1.53416276       1.01647973E-02
0.429999858       5.94420694E-02   1.40366340       1.16933584E-02
0.439999849       5.70991412E-02   1.30179918       9.14257765E-03
0.449999839       5.50013967E-02   1.20943773       8.37439299E-03
0.459999830       5.32106683E-02   1.13159418       7.29322433E-03
0.469999820       5.14100455E-02   1.06181955       2.89809704E-03
0.479999810       5.00063673E-02   1.00255024       5.90121746E-03
0.489999801       4.88359369E-02  0.956327081       2.84761190E-03
0.50000000	 0.04756927	 0.90452304	 0.00150944
0.51000000	 0.04653996	 0.86580987	 0.00065777
0.52000000	 0.04557461	 0.82993005	 0.00258280
0.53000000	 0.04460630	 0.79505639	 0.00174538
0.54000000	 0.04379854	 0.76690562	 0.00180597
0.55000000	 0.04301728	 0.73987638	 0.00032138
0.56000000	 0.04232722	 0.71666111	 0.00071443
0.57000000	 0.04167310	 0.69434279	 0.00097888
0.58000000	 0.04102137	 0.67344524	-0.00025902
0.59000000	 0.04043089	 0.65371327	 0.00054722
0.60000000	 0.03990059	 0.63650497	 0.00154340
0.61000000	 0.03935336	 0.61974948	 0.00100244
0.62000000	 0.03890548	 0.60467604	 0.00168656
0.63000000	 0.03846578	 0.59163627	 0.00182697
0.64000000	 0.03798232	 0.57741712	 0.00084483
0.65000000	 0.03758694	 0.56509853	 0.00125270
0.66000000	 0.03720471	 0.55328026	 0.00119067
0.67000000	 0.03683440	 0.54255605	 0.00091835
0.68000000	 0.03643465	 0.53083584	 0.00148153
0.69000000	 0.03612554	 0.52160445	 0.00170638
0.70000000	 0.03579054	 0.51234089	 0.00041874
0.71000000	 0.03551843	 0.50488205	 0.00089734
0.72000000	 0.03517992	 0.49488512	 0.00083356
0.73000000	 0.03491118	 0.48780017	-0.00004409
0.74000000	 0.03463790	 0.47982426	 0.00088726
0.75000000	 0.03438114	 0.47295366	 0.00055336
0.76000000	 0.03412852	 0.46664168	-0.00004782
0.77000000	 0.03388820	 0.45918574	 0.00141714
0.78000000	 0.03366157	 0.45362641	-0.00087234
0.79000000	 0.03344834	 0.44793932	 0.00038774
0.80000000	 0.03324776	 0.44152846	 0.00223175
0.81000000	 0.03301237	 0.43661447	 0.00014457
0.82000000	 0.03279857	 0.43044880	 0.00101856
0.83000000	 0.03265280	 0.42658872	 0.00127863
0.84000000	 0.03244806	 0.42102369	 0.00236146
0.85000000	 0.03226149	 0.41662469	 0.00056130
0.86000000	 0.03209011	 0.41203035	 0.00100269
0.87000000	 0.03192761	 0.40841650	 0.00034056
0.88000000	 0.03177346	 0.40411664	 0.00185623
0.89000000	 0.03161646	 0.39997465	 0.00139837
0.90000000	 0.03146894	 0.39647779	 0.00089104
0.91000000	 0.03130179	 0.39258862	-0.00044018
0.92000000	 0.03115999	 0.38872353	 0.00044992
0.93000000	 0.03101794	 0.38444845	 0.00213100
0.94000000	 0.03088442	 0.38182262	 0.00198318
0.95000000	 0.03075385	 0.37815904	 0.00197653
0.96000000	 0.03063640	 0.37536701	 0.00181255
0.97000000	 0.03050018	 0.37208041	 0.00166316
0.98000000	 0.03039527	 0.36962525	 0.00206573
0.99000000	 0.03026104	 0.36647577	 0.00109758
