#======================================================================
# Step   T               MeanM           Chi             U 
#======================================================================
    1	 0.00000000	 1.00000000	 0.00000000	 0.66666667
    2	 0.01000000	 0.99496664	 0.01004098	 0.66661425
    3	 0.02000000	 0.98984539	 0.02023790	 0.66655994
    4	 0.03000000	 0.98465350	 0.03048780	 0.66650420
    5	 0.04000000	 0.97936986	 0.04085319	 0.66644662
    6	 0.05000000	 0.97399593	 0.05151667	 0.66638616
    7	 0.06000000	 0.96853552	 0.06215741	 0.66632441
    8	 0.07000000	 0.96299681	 0.07299645	 0.66626015
    9	 0.08000000	 0.95734164	 0.08410194	 0.66619284
   10	 0.09000000	 0.95159902	 0.09541065	 0.66612270
   11	 0.10000000	 0.94571736	 0.10683187	 0.66605008
   12	 0.11000000	 0.93975741	 0.11862856	 0.66597343
   13	 0.12000000	 0.93367059	 0.13086004	 0.66589217
   14	 0.13000000	 0.92744898	 0.14309931	 0.66580853
   15	 0.14000000	 0.92106212	 0.15613373	 0.66571774
   16	 0.15000000	 0.91460235	 0.16960523	 0.66562159
   17	 0.16000000	 0.90792771	 0.18350526	 0.66551980
   18	 0.17000000	 0.90113043	 0.19794861	 0.66541150
   19	 0.18000000	 0.89417216	 0.21301802	 0.66529555
   20	 0.19000000	 0.88698798	 0.22931339	 0.66516787
   21	 0.20000000	 0.87962665	 0.24619880	 0.66503182
   22	 0.21000000	 0.87205424	 0.26410198	 0.66488418
   23	 0.22000000	 0.86427176	 0.28401370	 0.66471750
   24	 0.23000000	 0.85618096	 0.30562067	 0.66453244
   25	 0.24000000	 0.84783107	 0.32894163	 0.66432855
   26	 0.25000000	 0.83907730	 0.35697429	 0.66408329
   27	 0.26000000	 0.83009047	 0.38570550	 0.66382381
   28	 0.27000000	 0.82065715	 0.41954512	 0.66351037
   29	 0.28000000	 0.81077399	 0.46013690	 0.66314399
   30	 0.29000000	 0.80031768	 0.50648479	 0.66270347
   31	 0.30000000	 0.78921983	 0.56955538	 0.66213508
   32	 0.31000000	 0.77740360	 0.63885104	 0.66147643
   33	 0.32000000	 0.76466173	 0.75006335	 0.66054780
   34	 0.33000000	 0.75090960	 0.86356221	 0.65945477
   35	 0.34000000	 0.73555897	 1.03917878	 0.65785024
   36	 0.35000000	 0.71829147	 1.34002604	 0.65552856
   37	 0.36000000	 0.69907669	 1.68857186	 0.65247542
   38	 0.37000000	 0.67595652	 2.27829622	 0.64758335
   39	 0.38000000	 0.64852658	 3.09114620	 0.64033037
   40	 0.39000000	 0.61653313	 4.14481563	 0.62999067
   41	 0.40000000	 0.57677766	 5.56061933	 0.61371861
   42	 0.41000000	 0.53046579	 7.05175669	 0.59011770
   43	 0.42000000	 0.48387449	 8.05980461	 0.56211958
   44	 0.43000000	 0.43179032	 8.76813708	 0.52309727
   45	 0.44000000	 0.38262348	 8.86143828	 0.47784272
   46	 0.45000000	 0.33901837	 8.48862034	 0.42976206
   47	 0.46000000	 0.29856129	 7.74646741	 0.37643771
   48	 0.47000000	 0.26404074	 6.88886734	 0.32275446
   49	 0.48000000	 0.23741087	 6.05668345	 0.27860740
   50	 0.49000000	 0.21392749	 5.26437796	 0.23653534
   51	 0.50000000	 0.19463852	 4.57829166	 0.20047064
   52	 0.51000000	 0.17838701	 4.00757650	 0.16887515
   53	 0.52000000	 0.16486551	 3.50563159	 0.14580758
   54	 0.53000000	 0.15296922	 3.08746283	 0.12376508
   55	 0.54000000	 0.14258907	 2.73799831	 0.10438743
   56	 0.55000000	 0.13374889	 2.43581130	 0.09061255
   57	 0.56000000	 0.12580247	 2.17971281	 0.07805022
   58	 0.57000000	 0.11890370	 1.96317601	 0.06907661
   59	 0.58000000	 0.11251578	 1.77037556	 0.06020461
   60	 0.59000000	 0.10705392	 1.61701581	 0.05180585
   61	 0.60000000	 0.10216655	 1.47790587	 0.04694259
   62	 0.61000000	 0.09732017	 1.34506704	 0.04138499
   63	 0.62000000	 0.09288295	 1.23204165	 0.03596955
   64	 0.63000000	 0.08893105	 1.13348275	 0.03106212
   65	 0.64000000	 0.08521355	 1.04572423	 0.02449107
   66	 0.65000000	 0.08186558	 0.96586294	 0.02369994
   67	 0.66000000	 0.07868489	 0.89234045	 0.02355167
   68	 0.67000000	 0.07577851	 0.83106333	 0.01841827
   69	 0.68000000	 0.07302360	 0.77249614	 0.01675725
   70	 0.69000000	 0.07032299	 0.71842182	 0.01393042
   71	 0.70000000	 0.06786260	 0.67025345	 0.01126991
   72	 0.71000000	 0.06546069	 0.62401011	 0.01021124
   73	 0.72000000	 0.06321845	 0.58327862	 0.00859433
   74	 0.73000000	 0.06117558	 0.54631520	 0.00792527
   75	 0.74000000	 0.05908709	 0.51045359	 0.00561708
   76	 0.75000000	 0.05707690	 0.47686709	 0.00452252
   77	 0.76000000	 0.05522065	 0.44663294	 0.00493401
   78	 0.77000000	 0.05341537	 0.41804632	 0.00499881
   79	 0.78000000	 0.05163367	 0.39124441	 0.00280134
   80	 0.79000000	 0.04998027	 0.36743298	 0.00139858
   81	 0.80000000	 0.04831777	 0.34400681	-0.00110573
   82	 0.81000000	 0.04662872	 0.32025871	 0.00025954
   83	 0.82000000	 0.04515140	 0.30107457	-0.00209490
   84	 0.83000000	 0.04365048	 0.28141921	-0.00098779
   85	 0.84000000	 0.04212922	 0.26224766	-0.00344493
   86	 0.85000000	 0.04065845	 0.24452036	-0.00149085
   87	 0.86000000	 0.03919208	 0.22739605	-0.00330764
   88	 0.87000000	 0.03768530	 0.21058659	-0.00342930
   89	 0.88000000	 0.03634388	 0.19622631	-0.00442342
   90	 0.89000000	 0.03491061	 0.18138269	-0.00471393
   91	 0.90000000	 0.03347962	 0.16703853	-0.00572061
   92	 0.91000000	 0.03204041	 0.15330799	-0.00729291
   93	 0.92000000	 0.03058072	 0.13991290	-0.00694273
   94	 0.93000000	 0.02910865	 0.12696608	-0.00639450
   95	 0.94000000	 0.02763447	 0.11479335	-0.00705922
   96	 0.95000000	 0.02599796	 0.10204088	-0.01014842
   97	 0.96000000	 0.02442000	 0.09023608	-0.00809394
   98	 0.97000000	 0.02266587	 0.07808356	-0.00942718
   99	 0.98000000	 0.02079037	 0.06604891	-0.00757538
  100	 0.99000000	 0.01871481	 0.05386931	-0.00231628
#======================================================================
