#======================================================================
# Step   T               MeanM           Chi             U 
#======================================================================
    1	 0.00000000	 1.00000000	 0.00000000	 0.66666667
    2	 0.01000000	 0.99496316	 0.01003959	 0.66665823
    3	 0.02000000	 0.98984875	 0.02020827	 0.66664950
    4	 0.03000000	 0.98465290	 0.03046665	 0.66664051
    5	 0.04000000	 0.97936596	 0.04089300	 0.66663118
    6	 0.05000000	 0.97400392	 0.05143432	 0.66662155
    7	 0.06000000	 0.96854205	 0.06212607	 0.66661155
    8	 0.07000000	 0.96299810	 0.07298168	 0.66660117
    9	 0.08000000	 0.95733367	 0.08416555	 0.66659024
   10	 0.09000000	 0.95158649	 0.09532025	 0.66657907
   11	 0.10000000	 0.94572891	 0.10701766	 0.66656710
   12	 0.11000000	 0.93975391	 0.11873380	 0.66655479
   13	 0.12000000	 0.93366896	 0.13063412	 0.66654198
   14	 0.13000000	 0.92744260	 0.14322409	 0.66652812
   15	 0.14000000	 0.92108974	 0.15644556	 0.66651325
   16	 0.15000000	 0.91458937	 0.16954781	 0.66649804
   17	 0.16000000	 0.90795378	 0.18332583	 0.66648167
   18	 0.17000000	 0.90114252	 0.19773731	 0.66646411
   19	 0.18000000	 0.89415548	 0.21307963	 0.66644500
   20	 0.19000000	 0.88699867	 0.22909265	 0.66642451
   21	 0.20000000	 0.87962989	 0.24601716	 0.66640228
   22	 0.21000000	 0.87206063	 0.26445693	 0.66637757
   23	 0.22000000	 0.86422252	 0.28405784	 0.66635053
   24	 0.23000000	 0.85617250	 0.30597254	 0.66631980
   25	 0.24000000	 0.84781079	 0.32964987	 0.66628569
   26	 0.25000000	 0.83910894	 0.35549898	 0.66624738
   27	 0.26000000	 0.83006095	 0.38600470	 0.66620167
   28	 0.27000000	 0.82060189	 0.42052487	 0.66614862
   29	 0.28000000	 0.81074159	 0.45915625	 0.66608761
   30	 0.29000000	 0.80026852	 0.50871408	 0.66600893
   31	 0.30000000	 0.78925564	 0.56573741	 0.66591571
   32	 0.31000000	 0.77739766	 0.64177888	 0.66579042
   33	 0.32000000	 0.76472122	 0.73659264	 0.66563010
   34	 0.33000000	 0.75086885	 0.86769536	 0.66540559
   35	 0.34000000	 0.73567739	 1.04265867	 0.66509699
   36	 0.35000000	 0.71871135	 1.31071787	 0.66461826
   37	 0.36000000	 0.69883313	 1.76078143	 0.66380248
   38	 0.37000000	 0.67498030	 2.62399462	 0.66226193
   39	 0.38000000	 0.64476351	 4.54276921	 0.65896975
   40	 0.39000000	 0.60145426	 9.83190732	 0.65022063
   41	 0.40000000	 0.52707305	25.56467374	 0.62154761
   42	 0.41000000	 0.42399734	40.83080485	 0.55847589
   43	 0.42000000	 0.31791367	42.64012675	 0.45486587
   44	 0.43000000	 0.23037334	33.29521237	 0.31771952
   45	 0.44000000	 0.17872838	23.47413183	 0.22062897
   46	 0.45000000	 0.14544343	16.86192712	 0.15707281
   47	 0.46000000	 0.12266669	12.82759859	 0.09424679
   48	 0.47000000	 0.10623579	 9.72775082	 0.07463137
   49	 0.48000000	 0.09349909	 7.62576718	 0.05807458
   50	 0.49000000	 0.08363634	 6.23763224	 0.03847947
   51	 0.50000000	 0.07647566	 5.21068534	 0.03555706
   52	 0.51000000	 0.07040954	 4.42782278	 0.03001805
   53	 0.52000000	 0.06492157	 3.79514682	 0.02502262
   54	 0.53000000	 0.06058713	 3.29367099	 0.02476519
   55	 0.54000000	 0.05625962	 2.86146046	 0.01548454
   56	 0.55000000	 0.05287380	 2.52056789	 0.01564491
   57	 0.56000000	 0.04985496	 2.24662147	 0.01429189
   58	 0.57000000	 0.04716152	 2.01590916	 0.00936499
   59	 0.58000000	 0.04469717	 1.81587916	 0.00633658
   60	 0.59000000	 0.04261405	 1.65001168	 0.00657275
   61	 0.60000000	 0.04061227	 1.49965577	 0.00782733
   62	 0.61000000	 0.03879058	 1.36907700	 0.00626848
   63	 0.62000000	 0.03702960	 1.24830914	 0.00348697
   64	 0.63000000	 0.03546017	 1.14478780	 0.00488993
   65	 0.64000000	 0.03405093	 1.05574936	 0.00410131
   66	 0.65000000	 0.03271409	 0.97541511	 0.00351790
   67	 0.66000000	 0.03140527	 0.90049645	 0.00288015
   68	 0.67000000	 0.03025351	 0.83579546	 0.00095988
   69	 0.68000000	 0.02916006	 0.77518425	 0.00354845
   70	 0.69000000	 0.02814388	 0.72231822	 0.00321849
   71	 0.70000000	 0.02709003	 0.66994053	 0.00169621
   72	 0.71000000	 0.02617478	 0.62595544	 0.00069283
   73	 0.72000000	 0.02531124	 0.58507219	 0.00075007
   74	 0.73000000	 0.02445539	 0.54654870	 0.00180054
   75	 0.74000000	 0.02362416	 0.50995832	-0.00065812
   76	 0.75000000	 0.02283634	 0.47560980	 0.00265444
   77	 0.76000000	 0.02211002	 0.44720190	-0.00193957
   78	 0.77000000	 0.02141031	 0.41860438	 0.00205199
   79	 0.78000000	 0.02070065	 0.39163650	 0.00080698
   80	 0.79000000	 0.02000762	 0.36555606	 0.00109964
   81	 0.80000000	 0.01935027	 0.34248922	 0.00117894
   82	 0.81000000	 0.01869947	 0.31953429	-0.00018859
   83	 0.82000000	 0.01806044	 0.29876497	-0.00157941
   84	 0.83000000	 0.01748473	 0.27974910	-0.00138683
   85	 0.84000000	 0.01687014	 0.26023609	-0.00018694
   86	 0.85000000	 0.01628015	 0.24243160	-0.00098627
   87	 0.86000000	 0.01569926	 0.22581035	-0.00144651
   88	 0.87000000	 0.01510918	 0.20902081	-0.00127200
   89	 0.88000000	 0.01456038	 0.19364308	 0.00139459
   90	 0.89000000	 0.01399352	 0.17934225	-0.00131821
   91	 0.90000000	 0.01343254	 0.16525231	 0.00015505
   92	 0.91000000	 0.01285531	 0.15132973	-0.00010687
   93	 0.92000000	 0.01229456	 0.13874652	-0.00350940
   94	 0.93000000	 0.01169770	 0.12535619	-0.00093721
   95	 0.94000000	 0.01109374	 0.11281051	 0.00090770
   96	 0.95000000	 0.01046283	 0.10033351	 0.00110301
   97	 0.96000000	 0.00980431	 0.08829750	-0.00132423
   98	 0.97000000	 0.00911495	 0.07639338	-0.00193414
   99	 0.98000000	 0.00837290	 0.06466386	-0.00339049
  100	 0.99000000	 0.00751429	 0.05187892	 0.00272952
#======================================================================
